 0 -> 11 25 25, 3 6 12, 16 15 11
 1 -> 26 26 28, 25 27 29, 28 29 29
 2 -> 28 28 29, 22 26 26, 29 29 28
 3 -> 22 29 24, 29 29 24, 29 22 21
 4 -> 28 29 24, 28 26 29, 29 26 17
 5 -> 0 0 2, 8 2 2, 1 3 2
 6 -> 23 7 8, 18 29 12, 16 22 12
 7 -> 2 2 1, 2 1 2, 1 3 1
 8 -> 19 13 22, 24 18 22, 1 27 29
 9 -> 0 8 23, 11 7 28, 1 5 2
 10 -> 22 29 26, 27 15 19, 25 21 10
 11 -> 16 17 1, 1 21 10, 13 5 29
 12 -> 23 29 29, 23 29 29, 18 29 29
 13 -> 27 27 29, 26 22 15, 24 12 24
 14 -> 14 28 29, 28 28 14, 29 23 19
 15 -> 16 7 12, 7 7 24, 29 7 29
 16 -> 22 8 21, 29 21 21, 29 13 10
 17 -> 4 23 23, 2 24 13, 23 0 16
 18 -> 5 17 1, 27 8 2, 5 25 1
 19 -> 25 25 15, 19 29 29, 19 28 21
 20 -> 1 5 0, 1 6 2, 3 0 2
 21 -> 27 27 20, 22 22 27, 29 22 28
 22 -> 1 1 1, 4 3 2, 3 2 2
 23 -> 29 27 24, 29 28 24, 29 26 24
 24 -> 21 25 27, 23 28 27, 19 28 29
 25 -> 28 28 28, 21 13 26, 3 7 27
 26 -> 5 22 20, 15 22 15, 24 14 22
 27 -> 1 3 2, 2 1 7, 3 2 0
 28 -> 3 15 10, 22 7 29, 5 22 7
 29 -> 1 1 3, 1 1 2, 1 1 3
